     1    5        -1        -1          -1          -1          21                                                                          
     2    5        -1         1           1          -1          21                                                                          
     3    5        -1         1           2          -2          21                                                                          
     4    5        -1         1           4          -4          21                                                                          
     5    5        -1         1           3          -3          21                                                                          
     6    5        -1         1           5          -5          21                                                                          
     7    5        -1         1          21          21          21                                                                          
     8    5        -1        -2          -1          -2          21                                                                          
     9    5        -1         2          -1           2          21                                                                          
    10    5        -1        -4          -1          -4          21                                                                          
    11    5        -1         4          -1           4          21                                                                          
    12    5        -1        -3          -1          -3          21                                                                          
    13    5        -1         3          -1           3          21                                                                          
    14    5        -1        -5          -1          -5          21                                                                          
    15    5        -1         5          -1           5          21                                                                          
    16    5        -1        21           1          -1          -1                                                                          
    17    5        -1        21          -1           2          -2                                                                          
    18    5        -1        21          -1           4          -4                                                                          
    19    5        -1        21          -1           3          -3                                                                          
    20    5        -1        21          -1           5          -5                                                                          
    21    5        -1        21          -1          21          21                                                                          
    22    5         1        -1           1          -1          21                                                                          
    23    5         1        -1           2          -2          21                                                                          
    24    5         1        -1           4          -4          21                                                                          
    25    5         1        -1           3          -3          21                                                                          
    26    5         1        -1           5          -5          21                                                                          
    27    5         1        -1          21          21          21                                                                          
    28    5         1         1           1           1          21                                                                          
    29    5         1        -2           1          -2          21                                                                          
    30    5         1         2           1           2          21                                                                          
    31    5         1        -4           1          -4          21                                                                          
    32    5         1         4           1           4          21                                                                          
    33    5         1        -3           1          -3          21                                                                          
    34    5         1         3           1           3          21                                                                          
    35    5         1        -5           1          -5          21                                                                          
    36    5         1         5           1           5          21                                                                          
    37    5         1        21           1           1          -1                                                                          
    38    5         1        21           1           2          -2                                                                          
    39    5         1        21           1           4          -4                                                                          
    40    5         1        21           1           3          -3                                                                          
    41    5         1        21           1           5          -5                                                                          
    42    5         1        21           1          21          21                                                                          
    43    5        -2        -1          -1          -2          21                                                                          
    44    5        -2         1           1          -2          21                                                                          
    45    5        -2        -2          -2          -2          21                                                                          
    46    5        -2         2           1          -1          21                                                                          
    47    5        -2         2           2          -2          21                                                                          
    48    5        -2         2           4          -4          21                                                                          
    49    5        -2         2           3          -3          21                                                                          
    50    5        -2         2           5          -5          21                                                                          
    51    5        -2         2          21          21          21                                                                          
    52    5        -2        -4          -2          -4          21                                                                          
    53    5        -2         4          -2           4          21                                                                          
    54    5        -2        -3          -2          -3          21                                                                          
    55    5        -2         3          -2           3          21                                                                          
    56    5        -2        -5          -2          -5          21                                                                          
    57    5        -2         5          -2           5          21                                                                          
    58    5        -2        21           1          -1          -2                                                                          
    59    5        -2        21           2          -2          -2                                                                          
    60    5        -2        21          -2           4          -4                                                                          
    61    5        -2        21          -2           3          -3                                                                          
    62    5        -2        21          -2           5          -5                                                                          
    63    5        -2        21          -2          21          21                                                                          
    64    5         2        -1          -1           2          21                                                                          
    65    5         2         1           1           2          21                                                                          
    66    5         2        -2           1          -1          21                                                                          
    67    5         2        -2           2          -2          21                                                                          
    68    5         2        -2           4          -4          21                                                                          
    69    5         2        -2           3          -3          21                                                                          
    70    5         2        -2           5          -5          21                                                                          
    71    5         2        -2          21          21          21                                                                          
    72    5         2         2           2           2          21                                                                          
    73    5         2        -4           2          -4          21                                                                          
    74    5         2         4           2           4          21                                                                          
    75    5         2        -3           2          -3          21                                                                          
    76    5         2         3           2           3          21                                                                          
    77    5         2        -5           2          -5          21                                                                          
    78    5         2         5           2           5          21                                                                          
    79    5         2        21           1          -1           2                                                                          
    80    5         2        21           2           2          -2                                                                          
    81    5         2        21           2           4          -4                                                                          
    82    5         2        21           2           3          -3                                                                          
    83    5         2        21           2           5          -5                                                                          
    84    5         2        21           2          21          21                                                                          
    85    5        -4        -1          -1          -4          21                                                                          
    86    5        -4         1           1          -4          21                                                                          
    87    5        -4        -2          -2          -4          21                                                                          
    88    5        -4         2           2          -4          21                                                                          
    89    5        -4        -4          -4          -4          21                                                                          
    90    5        -4         4           1          -1          21                                                                          
    91    5        -4         4           2          -2          21                                                                          
    92    5        -4         4           4          -4          21                                                                          
    93    5        -4         4           3          -3          21                                                                          
    94    5        -4         4           5          -5          21                                                                          
    95    5        -4         4          21          21          21                                                                          
    96    5        -4        -3          -4          -3          21                                                                          
    97    5        -4         3          -4           3          21                                                                          
    98    5        -4        -5          -4          -5          21                                                                          
    99    5        -4         5          -4           5          21                                                                          
   100    5        -4        21           1          -1          -4                                                                          
   101    5        -4        21           2          -2          -4                                                                          
   102    5        -4        21           4          -4          -4                                                                          
   103    5        -4        21          -4           3          -3                                                                          
   104    5        -4        21          -4           5          -5                                                                          
   105    5        -4        21          -4          21          21                                                                          
   106    5         4        -1          -1           4          21                                                                          
   107    5         4         1           1           4          21                                                                          
   108    5         4        -2          -2           4          21                                                                          
   109    5         4         2           2           4          21                                                                          
   110    5         4        -4           1          -1          21                                                                          
   111    5         4        -4           2          -2          21                                                                          
   112    5         4        -4           4          -4          21                                                                          
   113    5         4        -4           3          -3          21                                                                          
   114    5         4        -4           5          -5          21                                                                          
   115    5         4        -4          21          21          21                                                                          
   116    5         4         4           4           4          21                                                                          
   117    5         4        -3           4          -3          21                                                                          
   118    5         4         3           4           3          21                                                                          
   119    5         4        -5           4          -5          21                                                                          
   120    5         4         5           4           5          21                                                                          
   121    5         4        21           1          -1           4                                                                          
   122    5         4        21           2          -2           4                                                                          
   123    5         4        21           4           4          -4                                                                          
   124    5         4        21           4           3          -3                                                                          
   125    5         4        21           4           5          -5                                                                          
   126    5         4        21           4          21          21                                                                          
   127    5        -3        -1          -1          -3          21                                                                          
   128    5        -3         1           1          -3          21                                                                          
   129    5        -3        -2          -2          -3          21                                                                          
   130    5        -3         2           2          -3          21                                                                          
   131    5        -3        -4          -4          -3          21                                                                          
   132    5        -3         4           4          -3          21                                                                          
   133    5        -3        -3          -3          -3          21                                                                          
   134    5        -3         3           1          -1          21                                                                          
   135    5        -3         3           2          -2          21                                                                          
   136    5        -3         3           4          -4          21                                                                          
   137    5        -3         3           3          -3          21                                                                          
   138    5        -3         3           5          -5          21                                                                          
   139    5        -3         3          21          21          21                                                                          
   140    5        -3        -5          -3          -5          21                                                                          
   141    5        -3         5          -3           5          21                                                                          
   142    5        -3        21           1          -1          -3                                                                          
   143    5        -3        21           2          -2          -3                                                                          
   144    5        -3        21           4          -4          -3                                                                          
   145    5        -3        21           3          -3          -3                                                                          
   146    5        -3        21          -3           5          -5                                                                          
   147    5        -3        21          -3          21          21                                                                          
   148    5         3        -1          -1           3          21                                                                          
   149    5         3         1           1           3          21                                                                          
   150    5         3        -2          -2           3          21                                                                          
   151    5         3         2           2           3          21                                                                          
   152    5         3        -4          -4           3          21                                                                          
   153    5         3         4           4           3          21                                                                          
   154    5         3        -3           1          -1          21                                                                          
   155    5         3        -3           2          -2          21                                                                          
   156    5         3        -3           4          -4          21                                                                          
   157    5         3        -3           3          -3          21                                                                          
   158    5         3        -3           5          -5          21                                                                          
   159    5         3        -3          21          21          21                                                                          
   160    5         3         3           3           3          21                                                                          
   161    5         3        -5           3          -5          21                                                                          
   162    5         3         5           3           5          21                                                                          
   163    5         3        21           1          -1           3                                                                          
   164    5         3        21           2          -2           3                                                                          
   165    5         3        21           4          -4           3                                                                          
   166    5         3        21           3           3          -3                                                                          
   167    5         3        21           3           5          -5                                                                          
   168    5         3        21           3          21          21                                                                          
   169    5        -5        -1          -1          -5          21                                                                          
   170    5        -5         1           1          -5          21                                                                          
   171    5        -5        -2          -2          -5          21                                                                          
   172    5        -5         2           2          -5          21                                                                          
   173    5        -5        -4          -4          -5          21                                                                          
   174    5        -5         4           4          -5          21                                                                          
   175    5        -5        -3          -3          -5          21                                                                          
   176    5        -5         3           3          -5          21                                                                          
   177    5        -5        -5          -5          -5          21                                                                          
   178    5        -5         5           1          -1          21                                                                          
   179    5        -5         5           2          -2          21                                                                          
   180    5        -5         5           4          -4          21                                                                          
   181    5        -5         5           3          -3          21                                                                          
   182    5        -5         5           5          -5          21                                                                          
   183    5        -5         5          21          21          21                                                                          
   184    5        -5        21           1          -1          -5                                                                          
   185    5        -5        21           2          -2          -5                                                                          
   186    5        -5        21           4          -4          -5                                                                          
   187    5        -5        21           3          -3          -5                                                                          
   188    5        -5        21           5          -5          -5                                                                          
   189    5        -5        21          -5          21          21                                                                          
   190    5         5        -1          -1           5          21                                                                          
   191    5         5         1           1           5          21                                                                          
   192    5         5        -2          -2           5          21                                                                          
   193    5         5         2           2           5          21                                                                          
   194    5         5        -4          -4           5          21                                                                          
   195    5         5         4           4           5          21                                                                          
   196    5         5        -3          -3           5          21                                                                          
   197    5         5         3           3           5          21                                                                          
   198    5         5        -5           1          -1          21                                                                          
   199    5         5        -5           2          -2          21                                                                          
   200    5         5        -5           4          -4          21                                                                          
   201    5         5        -5           3          -3          21                                                                          
   202    5         5        -5           5          -5          21                                                                          
   203    5         5        -5          21          21          21                                                                          
   204    5         5         5           5           5          21                                                                          
   205    5         5        21           1          -1           5                                                                          
   206    5         5        21           2          -2           5                                                                          
   207    5         5        21           4          -4           5                                                                          
   208    5         5        21           3          -3           5                                                                          
   209    5         5        21           5           5          -5                                                                          
   210    5         5        21           5          21          21                                                                          
   211    5        21        -1           1          -1          -1                                                                          
   212    5        21        -1          -1           2          -2                                                                          
   213    5        21        -1          -1           4          -4                                                                          
   214    5        21        -1          -1           3          -3                                                                          
   215    5        21        -1          -1           5          -5                                                                          
   216    5        21        -1          -1          21          21                                                                          
   217    5        21         1           1           1          -1                                                                          
   218    5        21         1           1           2          -2                                                                          
   219    5        21         1           1           4          -4                                                                          
   220    5        21         1           1           3          -3                                                                          
   221    5        21         1           1           5          -5                                                                          
   222    5        21         1           1          21          21                                                                          
   223    5        21        -2           1          -1          -2                                                                          
   224    5        21        -2           2          -2          -2                                                                          
   225    5        21        -2          -2           4          -4                                                                          
   226    5        21        -2          -2           3          -3                                                                          
   227    5        21        -2          -2           5          -5                                                                          
   228    5        21        -2          -2          21          21                                                                          
   229    5        21         2           1          -1           2                                                                          
   230    5        21         2           2           2          -2                                                                          
   231    5        21         2           2           4          -4                                                                          
   232    5        21         2           2           3          -3                                                                          
   233    5        21         2           2           5          -5                                                                          
   234    5        21         2           2          21          21                                                                          
   235    5        21        -4           1          -1          -4                                                                          
   236    5        21        -4           2          -2          -4                                                                          
   237    5        21        -4           4          -4          -4                                                                          
   238    5        21        -4          -4           3          -3                                                                          
   239    5        21        -4          -4           5          -5                                                                          
   240    5        21        -4          -4          21          21                                                                          
   241    5        21         4           1          -1           4                                                                          
   242    5        21         4           2          -2           4                                                                          
   243    5        21         4           4           4          -4                                                                          
   244    5        21         4           4           3          -3                                                                          
   245    5        21         4           4           5          -5                                                                          
   246    5        21         4           4          21          21                                                                          
   247    5        21        -3           1          -1          -3                                                                          
   248    5        21        -3           2          -2          -3                                                                          
   249    5        21        -3           4          -4          -3                                                                          
   250    5        21        -3           3          -3          -3                                                                          
   251    5        21        -3          -3           5          -5                                                                          
   252    5        21        -3          -3          21          21                                                                          
   253    5        21         3           1          -1           3                                                                          
   254    5        21         3           2          -2           3                                                                          
   255    5        21         3           4          -4           3                                                                          
   256    5        21         3           3           3          -3                                                                          
   257    5        21         3           3           5          -5                                                                          
   258    5        21         3           3          21          21                                                                          
   259    5        21        -5           1          -1          -5                                                                          
   260    5        21        -5           2          -2          -5                                                                          
   261    5        21        -5           4          -4          -5                                                                          
   262    5        21        -5           3          -3          -5                                                                          
   263    5        21        -5           5          -5          -5                                                                          
   264    5        21        -5          -5          21          21                                                                          
   265    5        21         5           1          -1           5                                                                          
   266    5        21         5           2          -2           5                                                                          
   267    5        21         5           4          -4           5                                                                          
   268    5        21         5           3          -3           5                                                                          
   269    5        21         5           5           5          -5                                                                          
   270    5        21         5           5          21          21                                                                          
   271    5        21        21           1          -1          21                                                                          
   272    5        21        21           2          -2          21                                                                          
   273    5        21        21           4          -4          21                                                                          
   274    5        21        21           3          -3          21                                                                          
   275    5        21        21           5          -5          21                                                                          
   276    5        21        21          21          21          21                                                                          
