     1    6         1        -2         -24           6          -6          21                                                              
     2    6         1        21         -24           6          -6           2                                                              
     3    6        -2         1         -24           6          -6          21                                                              
     4    6        -2        21         -24           6          -6          -1                                                              
     5    6        -4         3         -24           6          -6          21                                                              
     6    6        -4        21         -24           6          -6          -3                                                              
     7    6         3        -4         -24           6          -6          21                                                              
     8    6         3        21         -24           6          -6           4                                                              
     9    6        21         1         -24           6          -6           2                                                              
    10    6        21        -2         -24           6          -6          -1                                                              
    11    6        21        -4         -24           6          -6          -3                                                              
    12    6        21         3         -24           6          -6           4                                                              
