     1    8        -1        -1         -11          12           5          -5          -1          -2                                      
     2    8        -1        -1         -11          12           5          -5          -1          -4                                      
     3    8        -1         1         -11          12           5          -5           1          -2                                      
     4    8        -1         1         -11          12           5          -5           1          -4                                      
     5    8        -1         1         -11          12           5          -5          -2           3                                      
     6    8        -1         1         -11          12           5          -5          -4           3                                      
     7    8        -1        -2         -11          12           5          -5          -2          -2                                      
     8    8        -1        -2         -11          12           5          -5          -2          -4                                      
     9    8        -1         2         -11          12           5          -5           1          -1                                      
    10    8        -1         2         -11          12           5          -5          -1           3                                      
    11    8        -1         2         -11          12           5          -5           2          -2                                      
    12    8        -1         2         -11          12           5          -5           2          -4                                      
    13    8        -1         2         -11          12           5          -5           4          -4                                      
    14    8        -1         2         -11          12           5          -5           3          -3                                      
    15    8        -1         2         -11          12           5          -5          21          21                                      
    16    8        -1        -4         -11          12           5          -5          -2          -4                                      
    17    8        -1        -4         -11          12           5          -5          -4          -4                                      
    18    8        -1         4         -11          12           5          -5           1          -1                                      
    19    8        -1         4         -11          12           5          -5          -1           3                                      
    20    8        -1         4         -11          12           5          -5           2          -2                                      
    21    8        -1         4         -11          12           5          -5          -2           4                                      
    22    8        -1         4         -11          12           5          -5           4          -4                                      
    23    8        -1         4         -11          12           5          -5           3          -3                                      
    24    8        -1         4         -11          12           5          -5          21          21                                      
    25    8        -1        -3         -11          12           5          -5          -1          -2                                      
    26    8        -1        -3         -11          12           5          -5          -1          -4                                      
    27    8        -1        -3         -11          12           5          -5          -2          -3                                      
    28    8        -1        -3         -11          12           5          -5          -4          -3                                      
    29    8        -1         3         -11          12           5          -5          -2           3                                      
    30    8        -1         3         -11          12           5          -5          -4           3                                      
    31    8        -1        21         -11          12           5          -5          -2          21                                      
    32    8        -1        21         -11          12           5          -5          -4          21                                      
    33    8         1        -1         -11          12           5          -5           1          -2                                      
    34    8         1        -1         -11          12           5          -5           1          -4                                      
    35    8         1        -1         -11          12           5          -5          -2           3                                      
    36    8         1        -1         -11          12           5          -5          -4           3                                      
    37    8         1         2         -11          12           5          -5           1           1                                      
    38    8         1         2         -11          12           5          -5           1           3                                      
    39    8         1         4         -11          12           5          -5           1           1                                      
    40    8         1         4         -11          12           5          -5           1           3                                      
    41    8         1        -3         -11          12           5          -5           1          -2                                      
    42    8         1        -3         -11          12           5          -5           1          -4                                      
    43    8        -2        -1         -11          12           5          -5          -2          -2                                      
    44    8        -2        -1         -11          12           5          -5          -2          -4                                      
    45    8        -2         2         -11          12           5          -5           1          -2                                      
    46    8        -2         2         -11          12           5          -5           1          -4                                      
    47    8        -2         2         -11          12           5          -5          -2           3                                      
    48    8        -2         2         -11          12           5          -5          -4           3                                      
    49    8        -2         4         -11          12           5          -5           1          -2                                      
    50    8        -2         4         -11          12           5          -5          -2           3                                      
    51    8        -2        -3         -11          12           5          -5          -2          -2                                      
    52    8        -2        -3         -11          12           5          -5          -2          -4                                      
    53    8         2        -1         -11          12           5          -5           1          -1                                      
    54    8         2        -1         -11          12           5          -5          -1           3                                      
    55    8         2        -1         -11          12           5          -5           2          -2                                      
    56    8         2        -1         -11          12           5          -5           2          -4                                      
    57    8         2        -1         -11          12           5          -5           4          -4                                      
    58    8         2        -1         -11          12           5          -5           3          -3                                      
    59    8         2        -1         -11          12           5          -5          21          21                                      
    60    8         2         1         -11          12           5          -5           1           1                                      
    61    8         2         1         -11          12           5          -5           1           3                                      
    62    8         2        -2         -11          12           5          -5           1          -2                                      
    63    8         2        -2         -11          12           5          -5           1          -4                                      
    64    8         2        -2         -11          12           5          -5          -2           3                                      
    65    8         2        -2         -11          12           5          -5          -4           3                                      
    66    8         2         2         -11          12           5          -5           1           2                                      
    67    8         2         2         -11          12           5          -5           2           3                                      
    68    8         2        -4         -11          12           5          -5           1          -4                                      
    69    8         2        -4         -11          12           5          -5          -4           3                                      
    70    8         2         4         -11          12           5          -5           1           2                                      
    71    8         2         4         -11          12           5          -5           1           4                                      
    72    8         2         4         -11          12           5          -5           2           3                                      
    73    8         2         4         -11          12           5          -5           4           3                                      
    74    8         2        -3         -11          12           5          -5           1          -1                                      
    75    8         2        -3         -11          12           5          -5           1          -3                                      
    76    8         2        -3         -11          12           5          -5           2          -2                                      
    77    8         2        -3         -11          12           5          -5           2          -4                                      
    78    8         2        -3         -11          12           5          -5           4          -4                                      
    79    8         2        -3         -11          12           5          -5           3          -3                                      
    80    8         2        -3         -11          12           5          -5          21          21                                      
    81    8         2         3         -11          12           5          -5           1           3                                      
    82    8         2         3         -11          12           5          -5           3           3                                      
    83    8         2        21         -11          12           5          -5           1          21                                      
    84    8         2        21         -11          12           5          -5           3          21                                      
    85    8        -4        -1         -11          12           5          -5          -2          -4                                      
    86    8        -4        -1         -11          12           5          -5          -4          -4                                      
    87    8        -4         2         -11          12           5          -5           1          -4                                      
    88    8        -4         2         -11          12           5          -5          -4           3                                      
    89    8        -4         4         -11          12           5          -5           1          -2                                      
    90    8        -4         4         -11          12           5          -5           1          -4                                      
    91    8        -4         4         -11          12           5          -5          -2           3                                      
    92    8        -4         4         -11          12           5          -5          -4           3                                      
    93    8        -4        -3         -11          12           5          -5          -2          -4                                      
    94    8        -4        -3         -11          12           5          -5          -4          -4                                      
    95    8         4        -1         -11          12           5          -5           1          -1                                      
    96    8         4        -1         -11          12           5          -5          -1           3                                      
    97    8         4        -1         -11          12           5          -5           2          -2                                      
    98    8         4        -1         -11          12           5          -5          -2           4                                      
    99    8         4        -1         -11          12           5          -5           4          -4                                      
   100    8         4        -1         -11          12           5          -5           3          -3                                      
   101    8         4        -1         -11          12           5          -5          21          21                                      
   102    8         4         1         -11          12           5          -5           1           1                                      
   103    8         4         1         -11          12           5          -5           1           3                                      
   104    8         4        -2         -11          12           5          -5           1          -2                                      
   105    8         4        -2         -11          12           5          -5          -2           3                                      
   106    8         4         2         -11          12           5          -5           1           2                                      
   107    8         4         2         -11          12           5          -5           1           4                                      
   108    8         4         2         -11          12           5          -5           2           3                                      
   109    8         4         2         -11          12           5          -5           4           3                                      
   110    8         4        -4         -11          12           5          -5           1          -2                                      
   111    8         4        -4         -11          12           5          -5           1          -4                                      
   112    8         4        -4         -11          12           5          -5          -2           3                                      
   113    8         4        -4         -11          12           5          -5          -4           3                                      
   114    8         4         4         -11          12           5          -5           1           4                                      
   115    8         4         4         -11          12           5          -5           4           3                                      
   116    8         4        -3         -11          12           5          -5           1          -1                                      
   117    8         4        -3         -11          12           5          -5           1          -3                                      
   118    8         4        -3         -11          12           5          -5           2          -2                                      
   119    8         4        -3         -11          12           5          -5          -2           4                                      
   120    8         4        -3         -11          12           5          -5           4          -4                                      
   121    8         4        -3         -11          12           5          -5           3          -3                                      
   122    8         4        -3         -11          12           5          -5          21          21                                      
   123    8         4         3         -11          12           5          -5           1           3                                      
   124    8         4         3         -11          12           5          -5           3           3                                      
   125    8         4        21         -11          12           5          -5           1          21                                      
   126    8         4        21         -11          12           5          -5           3          21                                      
   127    8        -3        -1         -11          12           5          -5          -1          -2                                      
   128    8        -3        -1         -11          12           5          -5          -1          -4                                      
   129    8        -3        -1         -11          12           5          -5          -2          -3                                      
   130    8        -3        -1         -11          12           5          -5          -4          -3                                      
   131    8        -3         1         -11          12           5          -5           1          -2                                      
   132    8        -3         1         -11          12           5          -5           1          -4                                      
   133    8        -3        -2         -11          12           5          -5          -2          -2                                      
   134    8        -3        -2         -11          12           5          -5          -2          -4                                      
   135    8        -3         2         -11          12           5          -5           1          -1                                      
   136    8        -3         2         -11          12           5          -5           1          -3                                      
   137    8        -3         2         -11          12           5          -5           2          -2                                      
   138    8        -3         2         -11          12           5          -5           2          -4                                      
   139    8        -3         2         -11          12           5          -5           4          -4                                      
   140    8        -3         2         -11          12           5          -5           3          -3                                      
   141    8        -3         2         -11          12           5          -5          21          21                                      
   142    8        -3        -4         -11          12           5          -5          -2          -4                                      
   143    8        -3        -4         -11          12           5          -5          -4          -4                                      
   144    8        -3         4         -11          12           5          -5           1          -1                                      
   145    8        -3         4         -11          12           5          -5           1          -3                                      
   146    8        -3         4         -11          12           5          -5           2          -2                                      
   147    8        -3         4         -11          12           5          -5          -2           4                                      
   148    8        -3         4         -11          12           5          -5           4          -4                                      
   149    8        -3         4         -11          12           5          -5           3          -3                                      
   150    8        -3         4         -11          12           5          -5          21          21                                      
   151    8        -3        -3         -11          12           5          -5          -2          -3                                      
   152    8        -3        -3         -11          12           5          -5          -4          -3                                      
   153    8        -3         3         -11          12           5          -5           1          -2                                      
   154    8        -3         3         -11          12           5          -5           1          -4                                      
   155    8        -3         3         -11          12           5          -5          -2           3                                      
   156    8        -3         3         -11          12           5          -5          -4           3                                      
   157    8        -3        21         -11          12           5          -5          -2          21                                      
   158    8        -3        21         -11          12           5          -5          -4          21                                      
   159    8         3        -1         -11          12           5          -5          -2           3                                      
   160    8         3        -1         -11          12           5          -5          -4           3                                      
   161    8         3         2         -11          12           5          -5           1           3                                      
   162    8         3         2         -11          12           5          -5           3           3                                      
   163    8         3         4         -11          12           5          -5           1           3                                      
   164    8         3         4         -11          12           5          -5           3           3                                      
   165    8         3        -3         -11          12           5          -5           1          -2                                      
   166    8         3        -3         -11          12           5          -5           1          -4                                      
   167    8         3        -3         -11          12           5          -5          -2           3                                      
   168    8         3        -3         -11          12           5          -5          -4           3                                      
   169    8        21        -1         -11          12           5          -5          -2          21                                      
   170    8        21        -1         -11          12           5          -5          -4          21                                      
   171    8        21         2         -11          12           5          -5           1          21                                      
   172    8        21         2         -11          12           5          -5           3          21                                      
   173    8        21         4         -11          12           5          -5           1          21                                      
   174    8        21         4         -11          12           5          -5           3          21                                      
   175    8        21        -3         -11          12           5          -5          -2          21                                      
   176    8        21        -3         -11          12           5          -5          -4          21                                      
   177    8        21        21         -11          12           5          -5           1          -2                                      
   178    8        21        21         -11          12           5          -5           1          -4                                      
   179    8        21        21         -11          12           5          -5          -2           3                                      
   180    8        21        21         -11          12           5          -5          -4           3                                      
