     1    7        -1         1         -11          12          13         -14          21                                                  
     2    7        -1        21         -11          12          13         -14          -1                                                  
     3    7         1        -1         -11          12          13         -14          21                                                  
     4    7         1        21         -11          12          13         -14           1                                                  
     5    7        -2         2         -11          12          13         -14          21                                                  
     6    7        -2        21         -11          12          13         -14          -2                                                  
     7    7         2        -2         -11          12          13         -14          21                                                  
     8    7         2        21         -11          12          13         -14           2                                                  
     9    7        -4         4         -11          12          13         -14          21                                                  
    10    7        -4        21         -11          12          13         -14          -4                                                  
    11    7         4        -4         -11          12          13         -14          21                                                  
    12    7         4        21         -11          12          13         -14           4                                                  
    13    7        -3         3         -11          12          13         -14          21                                                  
    14    7        -3        21         -11          12          13         -14          -3                                                  
    15    7         3        -3         -11          12          13         -14          21                                                  
    16    7         3        21         -11          12          13         -14           3                                                  
    17    7        21        -1         -11          12          13         -14          -1                                                  
    18    7        21         1         -11          12          13         -14           1                                                  
    19    7        21        -2         -11          12          13         -14          -2                                                  
    20    7        21         2         -11          12          13         -14           2                                                  
    21    7        21        -4         -11          12          13         -14          -4                                                  
    22    7        21         4         -11          12          13         -14           4                                                  
    23    7        21        -3         -11          12          13         -14          -3                                                  
    24    7        21         3         -11          12          13         -14           3                                                  
