     1    8        -1        -1         -11          12          13         -14          -1          -1                                      
     2    8        -1         1         -11          12          13         -14           1          -1                                      
     3    8        -1         1         -11          12          13         -14           2          -2                                      
     4    8        -1         1         -11          12          13         -14           4          -4                                      
     5    8        -1         1         -11          12          13         -14           3          -3                                      
     6    8        -1         1         -11          12          13         -14          21          21                                      
     7    8        -1        -2         -11          12          13         -14          -1          -2                                      
     8    8        -1         2         -11          12          13         -14          -1           2                                      
     9    8        -1         2         -11          12          13         -14           4          -3                                      
    10    8        -1        -4         -11          12          13         -14          -1          -4                                      
    11    8        -1        -4         -11          12          13         -14          -2          -3                                      
    12    8        -1         4         -11          12          13         -14          -1           4                                      
    13    8        -1        -3         -11          12          13         -14          -1          -3                                      
    14    8        -1         3         -11          12          13         -14          -1           3                                      
    15    8        -1         3         -11          12          13         -14          -2           4                                      
    16    8        -1        21         -11          12          13         -14          -1          21                                      
    17    8         1        -1         -11          12          13         -14           1          -1                                      
    18    8         1        -1         -11          12          13         -14           2          -2                                      
    19    8         1        -1         -11          12          13         -14           4          -4                                      
    20    8         1        -1         -11          12          13         -14           3          -3                                      
    21    8         1        -1         -11          12          13         -14          21          21                                      
    22    8         1         1         -11          12          13         -14           1           1                                      
    23    8         1        -2         -11          12          13         -14           1          -2                                      
    24    8         1        -2         -11          12          13         -14          -4           3                                      
    25    8         1         2         -11          12          13         -14           1           2                                      
    26    8         1        -4         -11          12          13         -14           1          -4                                      
    27    8         1         4         -11          12          13         -14           1           4                                      
    28    8         1         4         -11          12          13         -14           2           3                                      
    29    8         1        -3         -11          12          13         -14           1          -3                                      
    30    8         1        -3         -11          12          13         -14           2          -4                                      
    31    8         1         3         -11          12          13         -14           1           3                                      
    32    8         1        21         -11          12          13         -14           1          21                                      
    33    8        -2        -1         -11          12          13         -14          -1          -2                                      
    34    8        -2         1         -11          12          13         -14           1          -2                                      
    35    8        -2         1         -11          12          13         -14          -4           3                                      
    36    8        -2        -2         -11          12          13         -14          -2          -2                                      
    37    8        -2         2         -11          12          13         -14           1          -1                                      
    38    8        -2         2         -11          12          13         -14           2          -2                                      
    39    8        -2         2         -11          12          13         -14           4          -4                                      
    40    8        -2         2         -11          12          13         -14           3          -3                                      
    41    8        -2         2         -11          12          13         -14          21          21                                      
    42    8        -2        -4         -11          12          13         -14          -2          -4                                      
    43    8        -2         4         -11          12          13         -14          -1           3                                      
    44    8        -2         4         -11          12          13         -14          -2           4                                      
    45    8        -2        -3         -11          12          13         -14          -1          -4                                      
    46    8        -2        -3         -11          12          13         -14          -2          -3                                      
    47    8        -2         3         -11          12          13         -14          -2           3                                      
    48    8        -2        21         -11          12          13         -14          -2          21                                      
    49    8         2        -1         -11          12          13         -14          -1           2                                      
    50    8         2        -1         -11          12          13         -14           4          -3                                      
    51    8         2         1         -11          12          13         -14           1           2                                      
    52    8         2        -2         -11          12          13         -14           1          -1                                      
    53    8         2        -2         -11          12          13         -14           2          -2                                      
    54    8         2        -2         -11          12          13         -14           4          -4                                      
    55    8         2        -2         -11          12          13         -14           3          -3                                      
    56    8         2        -2         -11          12          13         -14          21          21                                      
    57    8         2         2         -11          12          13         -14           2           2                                      
    58    8         2        -4         -11          12          13         -14           1          -3                                      
    59    8         2        -4         -11          12          13         -14           2          -4                                      
    60    8         2         4         -11          12          13         -14           2           4                                      
    61    8         2        -3         -11          12          13         -14           2          -3                                      
    62    8         2         3         -11          12          13         -14           1           4                                      
    63    8         2         3         -11          12          13         -14           2           3                                      
    64    8         2        21         -11          12          13         -14           2          21                                      
    65    8        -4        -1         -11          12          13         -14          -1          -4                                      
    66    8        -4        -1         -11          12          13         -14          -2          -3                                      
    67    8        -4         1         -11          12          13         -14           1          -4                                      
    68    8        -4        -2         -11          12          13         -14          -2          -4                                      
    69    8        -4         2         -11          12          13         -14           1          -3                                      
    70    8        -4         2         -11          12          13         -14           2          -4                                      
    71    8        -4        -4         -11          12          13         -14          -4          -4                                      
    72    8        -4         4         -11          12          13         -14           1          -1                                      
    73    8        -4         4         -11          12          13         -14           2          -2                                      
    74    8        -4         4         -11          12          13         -14           4          -4                                      
    75    8        -4         4         -11          12          13         -14           3          -3                                      
    76    8        -4         4         -11          12          13         -14          21          21                                      
    77    8        -4        -3         -11          12          13         -14          -4          -3                                      
    78    8        -4         3         -11          12          13         -14           1          -2                                      
    79    8        -4         3         -11          12          13         -14          -4           3                                      
    80    8        -4        21         -11          12          13         -14          -4          21                                      
    81    8         4        -1         -11          12          13         -14          -1           4                                      
    82    8         4         1         -11          12          13         -14           1           4                                      
    83    8         4         1         -11          12          13         -14           2           3                                      
    84    8         4        -2         -11          12          13         -14          -1           3                                      
    85    8         4        -2         -11          12          13         -14          -2           4                                      
    86    8         4         2         -11          12          13         -14           2           4                                      
    87    8         4        -4         -11          12          13         -14           1          -1                                      
    88    8         4        -4         -11          12          13         -14           2          -2                                      
    89    8         4        -4         -11          12          13         -14           4          -4                                      
    90    8         4        -4         -11          12          13         -14           3          -3                                      
    91    8         4        -4         -11          12          13         -14          21          21                                      
    92    8         4         4         -11          12          13         -14           4           4                                      
    93    8         4        -3         -11          12          13         -14          -1           2                                      
    94    8         4        -3         -11          12          13         -14           4          -3                                      
    95    8         4         3         -11          12          13         -14           4           3                                      
    96    8         4        21         -11          12          13         -14           4          21                                      
    97    8        -3        -1         -11          12          13         -14          -1          -3                                      
    98    8        -3         1         -11          12          13         -14           1          -3                                      
    99    8        -3         1         -11          12          13         -14           2          -4                                      
   100    8        -3        -2         -11          12          13         -14          -1          -4                                      
   101    8        -3        -2         -11          12          13         -14          -2          -3                                      
   102    8        -3         2         -11          12          13         -14           2          -3                                      
   103    8        -3        -4         -11          12          13         -14          -4          -3                                      
   104    8        -3         4         -11          12          13         -14          -1           2                                      
   105    8        -3         4         -11          12          13         -14           4          -3                                      
   106    8        -3        -3         -11          12          13         -14          -3          -3                                      
   107    8        -3         3         -11          12          13         -14           1          -1                                      
   108    8        -3         3         -11          12          13         -14           2          -2                                      
   109    8        -3         3         -11          12          13         -14           4          -4                                      
   110    8        -3         3         -11          12          13         -14           3          -3                                      
   111    8        -3         3         -11          12          13         -14          21          21                                      
   112    8        -3        21         -11          12          13         -14          -3          21                                      
   113    8         3        -1         -11          12          13         -14          -1           3                                      
   114    8         3        -1         -11          12          13         -14          -2           4                                      
   115    8         3         1         -11          12          13         -14           1           3                                      
   116    8         3        -2         -11          12          13         -14          -2           3                                      
   117    8         3         2         -11          12          13         -14           1           4                                      
   118    8         3         2         -11          12          13         -14           2           3                                      
   119    8         3        -4         -11          12          13         -14           1          -2                                      
   120    8         3        -4         -11          12          13         -14          -4           3                                      
   121    8         3         4         -11          12          13         -14           4           3                                      
   122    8         3        -3         -11          12          13         -14           1          -1                                      
   123    8         3        -3         -11          12          13         -14           2          -2                                      
   124    8         3        -3         -11          12          13         -14           4          -4                                      
   125    8         3        -3         -11          12          13         -14           3          -3                                      
   126    8         3        -3         -11          12          13         -14          21          21                                      
   127    8         3         3         -11          12          13         -14           3           3                                      
   128    8         3        21         -11          12          13         -14           3          21                                      
   129    8        21        -1         -11          12          13         -14          -1          21                                      
   130    8        21         1         -11          12          13         -14           1          21                                      
   131    8        21        -2         -11          12          13         -14          -2          21                                      
   132    8        21         2         -11          12          13         -14           2          21                                      
   133    8        21        -4         -11          12          13         -14          -4          21                                      
   134    8        21         4         -11          12          13         -14           4          21                                      
   135    8        21        -3         -11          12          13         -14          -3          21                                      
   136    8        21         3         -11          12          13         -14           3          21                                      
   137    8        21        21         -11          12          13         -14           1          -1                                      
   138    8        21        21         -11          12          13         -14           2          -2                                      
   139    8        21        21         -11          12          13         -14           4          -4                                      
   140    8        21        21         -11          12          13         -14           3          -3                                      
