     1    5        -1         1         111        -111          21                                                                          
     2    5        -1        21         111        -111          -1                                                                          
     3    5         1        -1         111        -111          21                                                                          
     4    5         1        21         111        -111           1                                                                          
     5    5        -2         2         111        -111          21                                                                          
     6    5        -2        21         111        -111          -2                                                                          
     7    5         2        -2         111        -111          21                                                                          
     8    5         2        21         111        -111           2                                                                          
     9    5        -3         3         111        -111          21                                                                          
    10    5        -3        21         111        -111          -3                                                                          
    11    5         3        -3         111        -111          21                                                                          
    12    5         3        21         111        -111           3                                                                          
    13    5        -4         4         111        -111          21                                                                          
    14    5        -4        21         111        -111          -4                                                                          
    15    5         4        -4         111        -111          21                                                                          
    16    5         4        21         111        -111           4                                                                          
    17    5        21        -1         111        -111          -1                                                                          
    18    5        21         1         111        -111           1                                                                          
    19    5        21        -2         111        -111          -2                                                                          
    20    5        21         2         111        -111           2                                                                          
    21    5        21        -3         111        -111          -3                                                                          
    22    5        21         3         111        -111           3                                                                          
    23    5        21        -4         111        -111          -4                                                                          
    24    5        21         4         111        -111           4                                                                          
