     1    6        -1        -1         111        -111          -1          -1                                                              
     2    6        -1         1         111        -111           1          -1                                                              
     3    6        -1         1         111        -111           2          -2                                                              
     4    6        -1         1         111        -111           3          -3                                                              
     5    6        -1         1         111        -111           4          -4                                                              
     6    6        -1         1         111        -111          21          21                                                              
     7    6        -1        -2         111        -111          -1          -2                                                              
     8    6        -1         2         111        -111          -1           2                                                              
     9    6        -1        -3         111        -111          -1          -3                                                              
    10    6        -1         3         111        -111          -1           3                                                              
    11    6        -1        -4         111        -111          -1          -4                                                              
    12    6        -1         4         111        -111          -1           4                                                              
    13    6        -1        21         111        -111          -1          21                                                              
    14    6         1        -1         111        -111           1          -1                                                              
    15    6         1        -1         111        -111           2          -2                                                              
    16    6         1        -1         111        -111           3          -3                                                              
    17    6         1        -1         111        -111           4          -4                                                              
    18    6         1        -1         111        -111          21          21                                                              
    19    6         1         1         111        -111           1           1                                                              
    20    6         1        -2         111        -111           1          -2                                                              
    21    6         1         2         111        -111           1           2                                                              
    22    6         1        -3         111        -111           1          -3                                                              
    23    6         1         3         111        -111           1           3                                                              
    24    6         1        -4         111        -111           1          -4                                                              
    25    6         1         4         111        -111           1           4                                                              
    26    6         1        21         111        -111           1          21                                                              
    27    6        -2        -1         111        -111          -1          -2                                                              
    28    6        -2         1         111        -111           1          -2                                                              
    29    6        -2        -2         111        -111          -2          -2                                                              
    30    6        -2         2         111        -111           1          -1                                                              
    31    6        -2         2         111        -111           2          -2                                                              
    32    6        -2         2         111        -111           3          -3                                                              
    33    6        -2         2         111        -111           4          -4                                                              
    34    6        -2         2         111        -111          21          21                                                              
    35    6        -2        -3         111        -111          -2          -3                                                              
    36    6        -2         3         111        -111          -2           3                                                              
    37    6        -2        -4         111        -111          -2          -4                                                              
    38    6        -2         4         111        -111          -2           4                                                              
    39    6        -2        21         111        -111          -2          21                                                              
    40    6         2        -1         111        -111          -1           2                                                              
    41    6         2         1         111        -111           1           2                                                              
    42    6         2        -2         111        -111           1          -1                                                              
    43    6         2        -2         111        -111           2          -2                                                              
    44    6         2        -2         111        -111           3          -3                                                              
    45    6         2        -2         111        -111           4          -4                                                              
    46    6         2        -2         111        -111          21          21                                                              
    47    6         2         2         111        -111           2           2                                                              
    48    6         2        -3         111        -111           2          -3                                                              
    49    6         2         3         111        -111           2           3                                                              
    50    6         2        -4         111        -111           2          -4                                                              
    51    6         2         4         111        -111           2           4                                                              
    52    6         2        21         111        -111           2          21                                                              
    53    6        -3        -1         111        -111          -1          -3                                                              
    54    6        -3         1         111        -111           1          -3                                                              
    55    6        -3        -2         111        -111          -2          -3                                                              
    56    6        -3         2         111        -111           2          -3                                                              
    57    6        -3        -3         111        -111          -3          -3                                                              
    58    6        -3         3         111        -111           1          -1                                                              
    59    6        -3         3         111        -111           2          -2                                                              
    60    6        -3         3         111        -111           3          -3                                                              
    61    6        -3         3         111        -111           4          -4                                                              
    62    6        -3         3         111        -111          21          21                                                              
    63    6        -3        -4         111        -111          -3          -4                                                              
    64    6        -3         4         111        -111          -3           4                                                              
    65    6        -3        21         111        -111          -3          21                                                              
    66    6         3        -1         111        -111          -1           3                                                              
    67    6         3         1         111        -111           1           3                                                              
    68    6         3        -2         111        -111          -2           3                                                              
    69    6         3         2         111        -111           2           3                                                              
    70    6         3        -3         111        -111           1          -1                                                              
    71    6         3        -3         111        -111           2          -2                                                              
    72    6         3        -3         111        -111           3          -3                                                              
    73    6         3        -3         111        -111           4          -4                                                              
    74    6         3        -3         111        -111          21          21                                                              
    75    6         3         3         111        -111           3           3                                                              
    76    6         3        -4         111        -111           3          -4                                                              
    77    6         3         4         111        -111           3           4                                                              
    78    6         3        21         111        -111           3          21                                                              
    79    6        -4        -1         111        -111          -1          -4                                                              
    80    6        -4         1         111        -111           1          -4                                                              
    81    6        -4        -2         111        -111          -2          -4                                                              
    82    6        -4         2         111        -111           2          -4                                                              
    83    6        -4        -3         111        -111          -3          -4                                                              
    84    6        -4         3         111        -111           3          -4                                                              
    85    6        -4        -4         111        -111          -4          -4                                                              
    86    6        -4         4         111        -111           1          -1                                                              
    87    6        -4         4         111        -111           2          -2                                                              
    88    6        -4         4         111        -111           3          -3                                                              
    89    6        -4         4         111        -111           4          -4                                                              
    90    6        -4         4         111        -111          21          21                                                              
    91    6        -4        21         111        -111          -4          21                                                              
    92    6         4        -1         111        -111          -1           4                                                              
    93    6         4         1         111        -111           1           4                                                              
    94    6         4        -2         111        -111          -2           4                                                              
    95    6         4         2         111        -111           2           4                                                              
    96    6         4        -3         111        -111          -3           4                                                              
    97    6         4         3         111        -111           3           4                                                              
    98    6         4        -4         111        -111           1          -1                                                              
    99    6         4        -4         111        -111           2          -2                                                              
   100    6         4        -4         111        -111           3          -3                                                              
   101    6         4        -4         111        -111           4          -4                                                              
   102    6         4        -4         111        -111          21          21                                                              
   103    6         4         4         111        -111           4           4                                                              
   104    6         4        21         111        -111           4          21                                                              
   105    6        21        -1         111        -111          -1          21                                                              
   106    6        21         1         111        -111           1          21                                                              
   107    6        21        -2         111        -111          -2          21                                                              
   108    6        21         2         111        -111           2          21                                                              
   109    6        21        -3         111        -111          -3          21                                                              
   110    6        21         3         111        -111           3          21                                                              
   111    6        21        -4         111        -111          -4          21                                                              
   112    6        21         4         111        -111           4          21                                                              
   113    6        21        21         111        -111           1          -1                                                              
   114    6        21        21         111        -111           2          -2                                                              
   115    6        21        21         111        -111           3          -3                                                              
   116    6        21        21         111        -111           4          -4                                                              
