     1    5        -1         2          25          23          24                                                                          
     2    5        -1         4          25          23          24                                                                          
     3    5         2        -1          25          23          24                                                                          
     4    5         2        -3          25          23          24                                                                          
     5    5         4        -1          25          23          24                                                                          
     6    5         4        -3          25          23          24                                                                          
     7    5        -3         2          25          23          24                                                                          
     8    5        -3         4          25          23          24                                                                          
     9    5         1        -2          25          23         -24                                                                          
    10    5         1        -4          25          23         -24                                                                          
    11    5        -2         1          25          23         -24                                                                          
    12    5        -2         3          25          23         -24                                                                          
    13    5        -4         1          25          23         -24                                                                          
    14    5        -4         3          25          23         -24                                                                          
    15    5         3        -2          25          23         -24                                                                          
    16    5         3        -4          25          23         -24                                                                          
