     1    6        -1         2          25          23          24          21                                                              
     2    6        -1         4          25          23          24          21                                                              
     3    6        -1        21          25          23          24          -2                                                              
     4    6        -1        21          25          23          24          -4                                                              
     5    6         2        -1          25          23          24          21                                                              
     6    6         2        -3          25          23          24          21                                                              
     7    6         2        21          25          23          24           1                                                              
     8    6         2        21          25          23          24           3                                                              
     9    6         4        -1          25          23          24          21                                                              
    10    6         4        -3          25          23          24          21                                                              
    11    6         4        21          25          23          24           1                                                              
    12    6         4        21          25          23          24           3                                                              
    13    6        -3         2          25          23          24          21                                                              
    14    6        -3         4          25          23          24          21                                                              
    15    6        -3        21          25          23          24          -2                                                              
    16    6        -3        21          25          23          24          -4                                                              
    17    6        21        -1          25          23          24          -2                                                              
    18    6        21        -1          25          23          24          -4                                                              
    19    6        21         2          25          23          24           1                                                              
    20    6        21         2          25          23          24           3                                                              
    21    6        21         4          25          23          24           1                                                              
    22    6        21         4          25          23          24           3                                                              
    23    6        21        -3          25          23          24          -2                                                              
    24    6        21        -3          25          23          24          -4                                                              
    25    6         1        -2          25          23         -24          21                                                              
    26    6         1        -4          25          23         -24          21                                                              
    27    6         1        21          25          23         -24           2                                                              
    28    6         1        21          25          23         -24           4                                                              
    29    6        -2         1          25          23         -24          21                                                              
    30    6        -2         3          25          23         -24          21                                                              
    31    6        -2        21          25          23         -24          -1                                                              
    32    6        -2        21          25          23         -24          -3                                                              
    33    6        -4         1          25          23         -24          21                                                              
    34    6        -4         3          25          23         -24          21                                                              
    35    6        -4        21          25          23         -24          -1                                                              
    36    6        -4        21          25          23         -24          -3                                                              
    37    6         3        -2          25          23         -24          21                                                              
    38    6         3        -4          25          23         -24          21                                                              
    39    6         3        21          25          23         -24           2                                                              
    40    6         3        21          25          23         -24           4                                                              
    41    6        21         1          25          23         -24           2                                                              
    42    6        21         1          25          23         -24           4                                                              
    43    6        21        -2          25          23         -24          -1                                                              
    44    6        21        -2          25          23         -24          -3                                                              
    45    6        21        -4          25          23         -24          -1                                                              
    46    6        21        -4          25          23         -24          -3                                                              
    47    6        21         3          25          23         -24           2                                                              
    48    6        21         3          25          23         -24           4                                                              
