     1    5        -1         1          25          23          23                                                                          
     2    5         1        -1          25          23          23                                                                          
     3    5        -2         2          25          23          23                                                                          
     4    5         2        -2          25          23          23                                                                          
     5    5        -4         4          25          23          23                                                                          
     6    5         4        -4          25          23          23                                                                          
     7    5        -3         3          25          23          23                                                                          
     8    5         3        -3          25          23          23                                                                          
     9    5        -5         5          25          23          23                                                                          
    10    5         5        -5          25          23          23                                                                          
