     1    7        -1         2         -11          12           5          -5          21                                                  
     2    7        -1         4         -11          12           5          -5          21                                                  
     3    7        -1        21         -11          12           5          -5          -2                                                  
     4    7        -1        21         -11          12           5          -5          -4                                                  
     5    7         2        -1         -11          12           5          -5          21                                                  
     6    7         2        -3         -11          12           5          -5          21                                                  
     7    7         2        21         -11          12           5          -5           1                                                  
     8    7         2        21         -11          12           5          -5           3                                                  
     9    7         4        -1         -11          12           5          -5          21                                                  
    10    7         4        -3         -11          12           5          -5          21                                                  
    11    7         4        21         -11          12           5          -5           1                                                  
    12    7         4        21         -11          12           5          -5           3                                                  
    13    7        -3         2         -11          12           5          -5          21                                                  
    14    7        -3         4         -11          12           5          -5          21                                                  
    15    7        -3        21         -11          12           5          -5          -2                                                  
    16    7        -3        21         -11          12           5          -5          -4                                                  
    17    7        21        -1         -11          12           5          -5          -2                                                  
    18    7        21        -1         -11          12           5          -5          -4                                                  
    19    7        21         2         -11          12           5          -5           1                                                  
    20    7        21         2         -11          12           5          -5           3                                                  
    21    7        21         4         -11          12           5          -5           1                                                  
    22    7        21         4         -11          12           5          -5           3                                                  
    23    7        21        -3         -11          12           5          -5          -2                                                  
    24    7        21        -3         -11          12           5          -5          -4                                                  
