           1           0           0          25           0           0          -1   0.0000000000000000     
           2           0           0          25           2          -2          -1   0.0000000000000000     
           3           0           0          25           4          -4           2   1.0000000000000000     
           4           0           0          25           1          -1           2   1.0000000000000000     
           5           0           0          25           3          -3           2   1.0000000000000000     
           6           0           0          25           5          -5           2   1.0000000000000000     
           7           0           2          25           2           0          -1   0.0000000000000000     
           8           0           4          25           4           0           7   1.0000000000000000     
           9           0           1          25           1           0           7   1.0000000000000000     
          10           0           3          25           3           0           7   1.0000000000000000     
          11           0           5          25           5           0           7   1.0000000000000000     
          12           0          -2          25          -2           0           7   1.0000000000000000     
          13           0          -4          25          -4           0           7   1.0000000000000000     
          14           0          -1          25          -1           0           7   1.0000000000000000     
          15           0          -3          25          -3           0           7   1.0000000000000000     
          16           0          -5          25          -5           0           7   1.0000000000000000     
          17           2           0          25           2           0          -1   0.0000000000000000     
          18           4           0          25           4           0          17   1.0000000000000000     
          19           1           0          25           1           0          17   1.0000000000000000     
          20           3           0          25           3           0          17   1.0000000000000000     
          21           5           0          25           5           0          17   1.0000000000000000     
          22           2           2          25           2           2          -1   0.0000000000000000     
          23           4           4          25           4           4          22   1.0000000000000000     
          24           1           1          25           1           1          22   1.0000000000000000     
          25           3           3          25           3           3          22   1.0000000000000000     
          26           5           5          25           5           5          22   1.0000000000000000     
          27           2           4          25           2           4          -1   0.0000000000000000     
          28           2           1          25           2           1          27   1.0000000000000000     
          29           2           3          25           2           3          27   1.0000000000000000     
          30           2           5          25           2           5          27   1.0000000000000000     
          31           4           2          25           4           2          27   1.0000000000000000     
          32           4           1          25           4           1          27   1.0000000000000000     
          33           4           3          25           4           3          27   1.0000000000000000     
          34           4           5          25           4           5          27   1.0000000000000000     
          35           1           2          25           1           2          27   1.0000000000000000     
          36           1           4          25           1           4          27   1.0000000000000000     
          37           1           3          25           1           3          27   1.0000000000000000     
          38           1           5          25           1           5          27   1.0000000000000000     
          39           3           2          25           3           2          27   1.0000000000000000     
          40           3           4          25           3           4          27   1.0000000000000000     
          41           3           1          25           3           1          27   1.0000000000000000     
          42           3           5          25           3           5          27   1.0000000000000000     
          43           5           2          25           5           2          27   1.0000000000000000     
          44           5           4          25           5           4          27   1.0000000000000000     
          45           5           1          25           5           1          27   1.0000000000000000     
          46           5           3          25           5           3          27   1.0000000000000000     
          47           2          -2          25           0           0          -1   0.0000000000000000     
          48           4          -4          25           0           0          47   1.0000000000000000     
          49           1          -1          25           0           0          47   1.0000000000000000     
          50           3          -3          25           0           0          47   1.0000000000000000     
          51           5          -5          25           0           0          47   1.0000000000000000     
          52           2          -2          25           2          -2          -1   0.0000000000000000     
          53           4          -4          25           4          -4          52   1.0000000000000000     
          54           1          -1          25           1          -1          52   1.0000000000000000     
          55           3          -3          25           3          -3          52   1.0000000000000000     
          56           5          -5          25           5          -5          52   1.0000000000000000     
          57           2          -2          25           4          -4          -1   0.0000000000000000     
          58           2          -2          25           1          -1          57   1.0000000000000000     
          59           2          -2          25           3          -3          57   1.0000000000000000     
          60           2          -2          25           5          -5          57   1.0000000000000000     
          61           4          -4          25           2          -2          57   1.0000000000000000     
          62           4          -4          25           1          -1          57   1.0000000000000000     
          63           4          -4          25           3          -3          57   1.0000000000000000     
          64           4          -4          25           5          -5          57   1.0000000000000000     
          65           1          -1          25           2          -2          57   1.0000000000000000     
          66           1          -1          25           4          -4          57   1.0000000000000000     
          67           1          -1          25           3          -3          57   1.0000000000000000     
          68           1          -1          25           5          -5          57   1.0000000000000000     
          69           3          -3          25           2          -2          57   1.0000000000000000     
          70           3          -3          25           4          -4          57   1.0000000000000000     
          71           3          -3          25           1          -1          57   1.0000000000000000     
          72           3          -3          25           5          -5          57   1.0000000000000000     
          73           5          -5          25           2          -2          57   1.0000000000000000     
          74           5          -5          25           4          -4          57   1.0000000000000000     
          75           5          -5          25           1          -1          57   1.0000000000000000     
          76           5          -5          25           3          -3          57   1.0000000000000000     
          77           2          -4          25           2          -4          -1   0.0000000000000000     
          78           2          -1          25           2          -1          77   1.0000000000000000     
          79           2          -3          25           2          -3          77   1.0000000000000000     
          80           2          -5          25           2          -5          77   1.0000000000000000     
          81           4          -2          25           4          -2          77   1.0000000000000000     
          82           4          -1          25           4          -1          77   1.0000000000000000     
          83           4          -3          25           4          -3          77   1.0000000000000000     
          84           4          -5          25           4          -5          77   1.0000000000000000     
          85           1          -2          25           1          -2          77   1.0000000000000000     
          86           1          -4          25           1          -4          77   1.0000000000000000     
          87           1          -3          25           1          -3          77   1.0000000000000000     
          88           1          -5          25           1          -5          77   1.0000000000000000     
          89           3          -2          25           3          -2          77   1.0000000000000000     
          90           3          -4          25           3          -4          77   1.0000000000000000     
          91           3          -1          25           3          -1          77   1.0000000000000000     
          92           3          -5          25           3          -5          77   1.0000000000000000     
          93           5          -2          25           5          -2          77   1.0000000000000000     
          94           5          -4          25           5          -4          77   1.0000000000000000     
          95           5          -1          25           5          -1          77   1.0000000000000000     
          96           5          -3          25           5          -3          77   1.0000000000000000     
          97          -2           0          25          -2           0          17   1.0000000000000000     
          98          -4           0          25          -4           0          17   1.0000000000000000     
          99          -1           0          25          -1           0          17   1.0000000000000000     
         100          -3           0          25          -3           0          17   1.0000000000000000     
         101          -5           0          25          -5           0          17   1.0000000000000000     
         102          -2           2          25           0           0          47   1.0000000000000000     
         103          -4           4          25           0           0          47   1.0000000000000000     
         104          -1           1          25           0           0          47   1.0000000000000000     
         105          -3           3          25           0           0          47   1.0000000000000000     
         106          -5           5          25           0           0          47   1.0000000000000000     
         107          -2           2          25           2          -2          -1   0.0000000000000000     
         108          -4           4          25           4          -4         107   1.0000000000000000     
         109          -1           1          25           1          -1         107   1.0000000000000000     
         110          -3           3          25           3          -3         107   1.0000000000000000     
         111          -5           5          25           5          -5         107   1.0000000000000000     
         112          -2           2          25           4          -4          -1   0.0000000000000000     
         113          -2           2          25           1          -1         112   1.0000000000000000     
         114          -2           2          25           3          -3         112   1.0000000000000000     
         115          -2           2          25           5          -5         112   1.0000000000000000     
         116          -4           4          25           2          -2         112   1.0000000000000000     
         117          -4           4          25           1          -1         112   1.0000000000000000     
         118          -4           4          25           3          -3         112   1.0000000000000000     
         119          -4           4          25           5          -5         112   1.0000000000000000     
         120          -1           1          25           2          -2         112   1.0000000000000000     
         121          -1           1          25           4          -4         112   1.0000000000000000     
         122          -1           1          25           3          -3         112   1.0000000000000000     
         123          -1           1          25           5          -5         112   1.0000000000000000     
         124          -3           3          25           2          -2         112   1.0000000000000000     
         125          -3           3          25           4          -4         112   1.0000000000000000     
         126          -3           3          25           1          -1         112   1.0000000000000000     
         127          -3           3          25           5          -5         112   1.0000000000000000     
         128          -5           5          25           2          -2         112   1.0000000000000000     
         129          -5           5          25           4          -4         112   1.0000000000000000     
         130          -5           5          25           1          -1         112   1.0000000000000000     
         131          -5           5          25           3          -3         112   1.0000000000000000     
         132          -2           4          25          -2           4          77   1.0000000000000000     
         133          -2           1          25          -2           1          77   1.0000000000000000     
         134          -2           3          25          -2           3          77   1.0000000000000000     
         135          -2           5          25          -2           5          77   1.0000000000000000     
         136          -4           2          25          -4           2          77   1.0000000000000000     
         137          -4           1          25          -4           1          77   1.0000000000000000     
         138          -4           3          25          -4           3          77   1.0000000000000000     
         139          -4           5          25          -4           5          77   1.0000000000000000     
         140          -1           2          25          -1           2          77   1.0000000000000000     
         141          -1           4          25          -1           4          77   1.0000000000000000     
         142          -1           3          25          -1           3          77   1.0000000000000000     
         143          -1           5          25          -1           5          77   1.0000000000000000     
         144          -3           2          25          -3           2          77   1.0000000000000000     
         145          -3           4          25          -3           4          77   1.0000000000000000     
         146          -3           1          25          -3           1          77   1.0000000000000000     
         147          -3           5          25          -3           5          77   1.0000000000000000     
         148          -5           2          25          -5           2          77   1.0000000000000000     
         149          -5           4          25          -5           4          77   1.0000000000000000     
         150          -5           1          25          -5           1          77   1.0000000000000000     
         151          -5           3          25          -5           3          77   1.0000000000000000     
         152          -2          -2          25          -2          -2          22   1.0000000000000000     
         153          -4          -4          25          -4          -4          22   1.0000000000000000     
         154          -1          -1          25          -1          -1          22   1.0000000000000000     
         155          -3          -3          25          -3          -3          22   1.0000000000000000     
         156          -5          -5          25          -5          -5          22   1.0000000000000000     
         157          -2          -4          25          -2          -4          27   1.0000000000000000     
         158          -2          -1          25          -2          -1          27   1.0000000000000000     
         159          -2          -3          25          -2          -3          27   1.0000000000000000     
         160          -2          -5          25          -2          -5          27   1.0000000000000000     
         161          -4          -2          25          -4          -2          27   1.0000000000000000     
         162          -4          -1          25          -4          -1          27   1.0000000000000000     
         163          -4          -3          25          -4          -3          27   1.0000000000000000     
         164          -4          -5          25          -4          -5          27   1.0000000000000000     
         165          -1          -2          25          -1          -2          27   1.0000000000000000     
         166          -1          -4          25          -1          -4          27   1.0000000000000000     
         167          -1          -3          25          -1          -3          27   1.0000000000000000     
         168          -1          -5          25          -1          -5          27   1.0000000000000000     
         169          -3          -2          25          -3          -2          27   1.0000000000000000     
         170          -3          -4          25          -3          -4          27   1.0000000000000000     
         171          -3          -1          25          -3          -1          27   1.0000000000000000     
         172          -3          -5          25          -3          -5          27   1.0000000000000000     
         173          -5          -2          25          -5          -2          27   1.0000000000000000     
         174          -5          -4          25          -5          -4          27   1.0000000000000000     
         175          -5          -1          25          -5          -1          27   1.0000000000000000     
         176          -5          -3          25          -5          -3          27   1.0000000000000000     
